k, vk experiment, vk error (sdev)
0.28916641  3.38E-02    0
0.29462238  3.68E-02    0
0.30007835  3.73E-02    0
0.30553432  3.90E-02    0
0.31099029  4.36E-02    0
0.31644626  4.41E-02    0
0.32190223  4.09E-02    0
0.3273582   3.91E-02    0
0.33281417  3.98E-02    0
0.33827014  4.16E-02    0
0.34372611  4.23E-02    0
0.34918208  4.20E-02    0
0.35463805  4.28E-02    0
0.36009402  4.43E-02    0
0.36554999  4.41E-02    0
0.37100596  4.21E-02    0
0.37646193  4.03E-02    0
0.3819179   4.04E-02    0
0.38737387  4.45E-02    0
0.39282984  5.12E-02    0
0.39828581  6.03E-02    0
0.40374178  7.02E-02    0
0.40919775  7.93E-02    0
0.41465372  8.62E-02    0
0.42010969  9.04E-02    0
0.42556566  9.19E-02    0
0.43102163  9.09E-02    0
0.4364776   8.81E-02    0
0.44193357  8.44E-02    0
0.44738954  8.07E-02    0
0.45284551  7.77E-02    0
0.45830148  7.61E-02    0
0.46375745  7.60E-02    0
0.46921342  7.72E-02    0
0.47466939  7.95E-02    0
0.48012536  8.25E-02    0
0.48558133  8.56E-02    0
0.4910373   8.78E-02    0
0.49649327  8.79E-02    0
0.50194924  8.51E-02    0
0.50740521  7.99E-02    0
0.51286118  7.39E-02    0
0.51831715  6.91E-02    0
0.52377312  6.57E-02    0
0.52922909  6.31E-02    0
0.53468506  6.01E-02    0
0.54014103  5.63E-02    0
0.545597    5.20E-02    0
0.55105297  4.83E-02    0
0.55650894  4.63E-02    0
0.56196491  4.54E-02    0
0.56742088  4.45E-02    0
0.57287685  4.27E-02    0
0.57833282  4.00E-02    0
0.58378879  3.75E-02    0
0.58924476  3.57E-02    0
0.59470073  3.44E-02    0
0.6001567   3.33E-02    0
0.60561267  3.16E-02    0
0.61106864  3.02E-02    0
0.61652461  2.93E-02    0
0.62198058  2.92E-02    0
0.62743655  3.03E-02    0
0.63289252  3.27E-02    0
0.63834849  3.63E-02    0
0.64380446  4.05E-02    0
0.64926043  4.48E-02    0
0.6547164   4.82E-02    0
0.66017237  5.08E-02    0
0.66562834  5.31E-02    0
0.67108431  5.59E-02    0
0.67654028  6.23E-02    0
0.68199625  6.45E-02    0
0.68745222  6.93E-02    0
0.69290819  7.35E-02    0
0.69836416  7.65E-02    0
0.70382013  7.77E-02    0
0.7092761   7.70E-02    0
0.71473207  7.45E-02    0
0.72018804  7.06E-02    0
0.72564401  6.61E-02    0
0.73109998  6.14E-02    0
0.73655595  5.70E-02    0
0.74201192  5.25E-02    0
0.74746789  4.79E-02    0
0.75292386  4.35E-02    0
0.75837983  3.95E-02    0
0.7638358   3.65E-02    0
0.76929177  3.47E-02    0
0.77474774  3.37E-02    0
0.78020371  3.33E-02    0
0.78565968  3.34E-02    0
0.79111565  3.42E-02    0
0.79657162  3.58E-02    0
0.80202759  3.82E-02    0
0.80748356  4.08E-02    0
0.81293953  4.31E-02    0
0.8183955   4.49E-02    0
0.82385147  4.59E-02    0
0.82930744  4.63E-02    0
0.83476341  4.61E-02    0
0.84021938  4.54E-02    0
0.84567535  4.46E-02    0
