k, vk experiment, vk error (sdev)
0.28916641  5.35E-02    0
0.29462238  5.93E-02    0
0.30007835  6.19E-02    0
0.30553432  6.18E-02    0
0.31099029  6.28E-02    0
0.31644626  6.70E-02    0
0.32190223  7.30E-02    0
0.3273582   7.92E-02    0
0.33281417  8.42E-02    0
0.33827014  8.96E-02    0
0.34372611  9.51E-02    0
0.34918208  0.101834886 0
0.35463805  0.11056238  0
0.36009402  0.121617218 0
0.36554999  0.13466119  0
0.37100596  0.148810502 0
0.37646193  0.162735985 0
0.3819179   0.172269759 0
0.38737387  0.185578551 0
0.39282984  0.193039719 0
0.39828581  0.198020813 0
0.40374178  0.20082042  0
0.40919775  0.201983694 0
0.41465372  0.200843843 0
0.42010969  0.198790953 0
0.42556566  0.195737316 0
0.43102163  0.191988797 0
0.4364776   0.187565487 0
0.44193357  0.182853124 0
0.44738954  0.177956069 0
0.45284551  0.173059471 0
0.45830148  0.168434408 0
0.46375745  0.1641399   0
0.46921342  0.160471916 0
0.47466939  0.157514484 0
0.48012536  0.155541909 0
0.48558133  0.154382825 0
0.4910373   0.154328367 0
0.49649327  0.155068342 0
0.50194924  0.156314677 0
0.50740521  0.157924214 0
0.51286118  0.158960767 0
0.51831715  0.159336806 0
0.52377312  0.15774146  0
0.52922909  0.154203191 0
0.53468506  0.147999558 0
0.54014103  0.13975846  0
0.545597    0.130431335 0
0.55105297  0.119895284 0
0.55650894  0.110361748 0
0.56196491  0.101921706 0
0.56742088  9.50E-02    0
0.57287685  8.84E-02    0
0.57833282  8.53E-02    0
0.58378879  8.18E-02    0
0.58924476  7.96E-02    0
0.59470073  7.80E-02    0
0.6001567   7.76E-02    0
0.60561267  7.72E-02    0
0.61106864  7.83E-02    0
0.61652461  8.04E-02    0
0.62198058  8.37E-02    0
0.62743655  8.84E-02    0
0.63289252  9.47E-02    0
0.63834849  0.102786188 0
0.64380446  0.112495747 0
0.64926043  0.123787234 0
0.6547164   0.136800693 0
0.66017237  0.149934804 0
0.66562834  0.16295509  0
0.67108431  0.17515262  0
0.67654028  0.191204716 0
0.68199625  0.193758822 0
0.68745222  0.198495691 0
0.69290819  0.199881139 0
0.69836416  0.198072448 0
0.70382013  0.193068756 0
0.7092761   0.185223628 0
0.71473207  0.175084958 0
0.72018804  0.163232945 0
0.72564401  0.150285662 0
0.73109998  0.13676788  0
0.73655595  0.124103532 0
0.74201192  0.112053322 0
0.74746789  0.101410529 0
0.75292386  9.26E-02    0
0.75837983  8.58E-02    0
0.7638358   8.12E-02    0
0.76929177  7.88E-02    0
0.77474774  7.85E-02    0
0.78020371  8.00E-02    0
0.78565968  8.28E-02    0
0.79111565  8.69E-02    0
0.79657162  9.13E-02    0
0.80202759  9.67E-02    0
0.80748356  0.101680276 0
0.81293953  0.106265762 0
0.8183955   0.110221079 0
0.82385147  0.113053254 0
0.82930744  0.115040957 0
0.83476341  0.115807669 0
0.84021938  0.115396175 0
0.84567535  0.113947229 0
